1 0.474579 0.289078 0.231616 0.216917 0.213822 0.213277 0.213195 0.213184 0.213183 0.213183 0.213183 0.213183 0.213183 0.213183 0.213183 0.213183 0.213183 0.213183 0.213183 0.213183 0.213183 0.213183 0.213183 0.213183 0.213183 0.213183 0.213183 0.213183 0.213183 0.213183 0.213183 0.213183 0.213183 0.213183 0.213183 0.213183 0.213183 0.213183 0.213183 0.213183 0.213183 0.213183 0.213183 0.213183 0.213183 0.213183 0.213183 0.213183 0.213183 0.213183 0.213183 0.213183 0.213183 0.213183 0.213184 0.213195 0.213277 0.213822 0.216917 0.231616 0.289078 0.474579 1 
0 1.63042e-322 4.64832e-310 0 0 4.00193e-322 1.29427e+161 1.07387e+200 7.62843e+228 1.67495e+243 1.36456e+161 2.61377e+180 8.78422e+247 2.35543e-312 8.19655e-321 1.63042e-322 4.64835e-310 0 6.81317e-321 1.63042e-322 1.2954e+74 4.67009e-62 6.3249e-310 6.24993e-321 6.93677e-310 4.64904e-310 6.93677e-310 4.64904e-310 4.64904e-310 4.64904e-310 0 4.64904e-310 0 6.93677e-310 6.93677e-310 6.93677e-310 0 6.93677e-310 6.93677e-310 6.93677e-310 6.93677e-310 6.93677e-310 6.93677e-310 6.93677e-310 6.93677e-310 6.93677e-310 6.93677e-310 0 0 0 0 0 6.93677e-310 0 0 6.93677e-310 0 6.93677e-310 6.93677e-310 6.93677e-310 6.93677e-310 0 0 0 
0 0 0 6.93677e-310 6.93677e-310 0 0 0 0 6.93677e-310 0 0 0 0 0 0 0 0 6.93677e-310 0 0 0 0 0 0 0 0 0 0 0 0 0 0 0 0 0 0 0 0 0 0 0 0 0 6.93677e-310 6.93677e-310 6.93677e-310 9.38999e-318 4.64904e-310 1.4822e-323 4.64904e-310 0 0 4.64904e-310 7.85138e-313 1.6976e-313 6.93677e-310 6.93677e-310 6.93677e-310 4.45633e-307 6.36599e-314 0 0 0 
0 6.93677e-310 4.64904e-310 6.93677e-310 6.93677e-310 6.93677e-310 6.93678e-310 4.64904e-310 0 0 1.97626e-323 4.64904e-310 4.64904e-310 0 1.02766e-320 1.77599e-318 0 0 4.64904e-310 0 2.122e-314 0 -nan 0 0 0 6.93677e-310 0 6.93678e-310 6.93678e-310 0 0 0 0 0 0 0 0 5.63512e-319 3.12249e-321 4.89125e-322 0 4.64904e-310 0 4.94066e-324 1.17119e+166 6.20153e-91 6.70248e+223 3.6554e+233 3.87323e+233 8.60465e+217 4.65207e+151 6.0543e-310 6.32898e-321 6.93677e-310 4.64904e-310 6.93677e-310 4.64904e-310 4.64904e-310 4.64904e-310 0 4.64904e-310 0 6.93677e-310 
6.93677e-310 6.93677e-310 0 6.93677e-310 6.93677e-310 6.93677e-310 6.93677e-310 6.93677e-310 6.93677e-310 6.93677e-310 6.93677e-310 6.93677e-310 6.93677e-310 0 0 0 0 0 6.93677e-310 0 0 6.93677e-310 0 6.93677e-310 6.93677e-310 6.93677e-310 6.93677e-310 6.93677e-310 0 0 0 0 0 6.93677e-310 6.93677e-310 0 0 0 0 6.93677e-310 0 0 0 0 0 0 0 0 6.93677e-310 0 0 0 0 0 0 0 0 0 0 0 0 0 0 0 
0 0 0 0 0 0 0 0 0 0 6.93677e-310 6.93677e-310 6.93677e-310 1.03614e-317 4.64904e-310 5.92879e-323 4.64904e-310 0 0 4.64904e-310 2.77981e-312 2.122e-313 6.93677e-310 6.93677e-310 6.93677e-310 4.45633e-307 6.36599e-314 0 0 0 0 6.93677e-310 4.64904e-310 6.93677e-310 6.93677e-310 6.93677e-310 6.93678e-310 4.64904e-310 0 0 1.97626e-323 4.64904e-310 4.64904e-310 0 1.02766e-320 1.776e-318 0 0 4.64904e-310 0 2.122e-314 0 -nan 0 0 0 6.93677e-310 0 6.93678e-310 6.93678e-310 0 0 0 0 
0 0 0 0 7.0098e-319 7.31217e-321 4.94066e-322 0 4.64904e-310 0 4.94066e-324 1.17119e+166 6.20153e-91 6.70248e+223 3.6554e+233 3.87323e+233 8.60465e+217 4.65207e+151 6.63975e+246 5.48413e-322 0 4.98512e-321 0 0 0 0 0 0 0 0 0 0 0 0 0 0 0 0 0 0 0 0 0 0 0 0 0 0 0 0 0 0 0 0 0 0 0 0 0 0 0 0 0 0 
0 0 0 0 0 0 0 0 0 0 0 0 0 0 0 0 0 0 0 0 0 0 0 0 0 0 0 0 0 0 0 0 0 0 0 0 0 0 0 0 0 0 0 0 0 0 0 0 0 0 0 0 0 0 0 0 0 0 0 0 0 0 0 0 
1 0.476928 0.167629 0.0452745 0.00977487 0.00174301 0.000265075 3.71427e-05 7.01368e-06 3.54102e-06 3.18723e-06 3.15503e-06 3.15238e-06 3.15218e-06 3.15217e-06 3.15217e-06 3.15217e-06 3.15217e-06 3.15217e-06 3.15217e-06 3.15217e-06 3.15217e-06 3.15217e-06 3.15217e-06 3.15217e-06 3.15217e-06 3.15217e-06 3.15217e-06 3.15217e-06 3.15217e-06 3.15217e-06 3.15217e-06 3.15217e-06 3.15217e-06 3.15217e-06 3.15217e-06 3.15217e-06 3.15217e-06 3.15217e-06 3.15217e-06 3.15217e-06 3.15217e-06 3.15217e-06 3.15217e-06 3.15217e-06 3.15217e-06 3.15217e-06 3.15217e-06 3.15217e-06 3.15217e-06 3.15218e-06 3.15238e-06 3.15503e-06 3.18723e-06 3.54102e-06 7.01368e-06 3.71427e-05 0.000265075 0.00174301 0.00977487 0.0452745 0.167629 0.476928 1 
0 1.63042e-322 4.65363e-310 0 0 4.00193e-322 1.29427e+161 1.07387e+200 7.62843e+228 1.67495e+243 1.36456e+161 2.61377e+180 8.78422e+247 2.35543e-312 8.19655e-321 1.63042e-322 4.65372e-310 0 6.81317e-321 1.63042e-322 1.2954e+74 3.06059e-57 6.3249e-310 6.24993e-321 6.94048e-310 4.65471e-310 6.94048e-310 4.65471e-310 4.65471e-310 4.65471e-310 0 4.65471e-310 0 6.94048e-310 6.94048e-310 6.94048e-310 0 6.94048e-310 6.94048e-310 6.94048e-310 6.94048e-310 6.94048e-310 6.94048e-310 6.94048e-310 6.94048e-310 6.94048e-310 6.94048e-310 0 0 0 0 0 6.94048e-310 0 0 6.94048e-310 0 6.94048e-310 6.94048e-310 6.94048e-310 6.94048e-310 0 0 0 
0 0 0 6.94048e-310 6.94048e-310 0 0 0 0 6.94048e-310 0 0 0 0 0 0 0 0 6.94048e-310 0 0 0 0 0 0 0 0 0 0 0 0 0 0 0 0 0 0 0 0 0 0 0 0 0 6.94048e-310 6.94048e-310 6.94048e-310 9.38999e-318 4.65471e-310 1.4822e-323 4.65471e-310 0 0 4.65471e-310 7.85138e-313 1.6976e-313 6.94048e-310 6.94048e-310 6.94048e-310 4.45633e-307 6.36599e-314 0 0 0 
0 6.94048e-310 4.65471e-310 6.94048e-310 6.94048e-310 6.94048e-310 6.94048e-310 4.65471e-310 0 0 1.97626e-323 4.65471e-310 4.65471e-310 0 1.02766e-320 1.77599e-318 0 0 4.65471e-310 0 2.122e-314 0 -nan 0 0 0 6.94048e-310 0 6.94048e-310 6.94048e-310 0 0 0 0 0 0 0 0 5.63512e-319 3.12249e-321 4.89125e-322 0 4.65471e-310 0 4.94066e-324 1.17119e+166 6.20153e-91 6.70248e+223 3.6554e+233 3.87323e+233 8.60465e+217 4.65207e+151 6.0543e-310 6.32898e-321 6.94048e-310 4.65471e-310 6.94048e-310 4.65471e-310 4.65471e-310 4.65471e-310 0 4.65471e-310 0 6.94048e-310 
6.94048e-310 6.94048e-310 0 6.94048e-310 6.94048e-310 6.94048e-310 6.94048e-310 6.94048e-310 6.94048e-310 6.94048e-310 6.94048e-310 6.94048e-310 6.94048e-310 0 0 0 0 0 6.94048e-310 0 0 6.94048e-310 0 6.94048e-310 6.94048e-310 6.94048e-310 6.94048e-310 6.94048e-310 0 0 0 0 0 6.94048e-310 6.94048e-310 0 0 0 0 6.94048e-310 0 0 0 0 0 0 0 0 6.94048e-310 0 0 0 0 0 0 0 0 0 0 0 0 0 0 0 
0 0 0 0 0 0 0 0 0 0 6.94048e-310 6.94048e-310 6.94048e-310 1.03614e-317 4.65471e-310 5.92879e-323 4.65471e-310 0 0 4.65471e-310 2.77981e-312 2.122e-313 6.94048e-310 6.94048e-310 6.94048e-310 4.45633e-307 6.36599e-314 0 0 0 0 6.94048e-310 4.65471e-310 6.94048e-310 6.94048e-310 6.94048e-310 6.94048e-310 4.65471e-310 0 0 1.97626e-323 4.65471e-310 4.65471e-310 0 1.02766e-320 1.776e-318 0 0 4.65471e-310 0 2.122e-314 0 -nan 0 0 0 6.94048e-310 0 6.94048e-310 6.94048e-310 0 0 0 0 
0 0 0 0 7.0098e-319 7.31217e-321 4.94066e-322 0 4.65471e-310 0 4.94066e-324 1.17119e+166 6.20153e-91 6.70248e+223 3.6554e+233 3.87323e+233 8.60465e+217 4.65207e+151 6.63975e+246 5.48413e-322 0 4.98512e-321 0 0 0 0 0 0 0 0 0 0 0 0 0 0 0 0 0 0 0 0 0 0 0 0 0 0 0 0 0 0 0 0 0 0 0 0 0 0 0 0 0 0 
0 0 0 0 0 0 0 0 0 0 0 0 0 0 0 0 0 0 0 0 0 0 0 0 0 0 0 0 0 0 0 0 0 0 0 0 0 0 0 0 0 0 0 0 0 0 0 0 0 0 0 0 0 0 0 0 0 0 0 0 0 0 0 0 
1 0.476827 0.16754 0.0452319 0.0097594 0.00173696 0.000261377 3.39054e-05 3.85021e-06 3.87546e-07 3.49323e-08 2.84375e-09 2.10591e-10 1.42756e-11 8.92589e-13 5.38134e-14 5.25294e-15 2.64527e-15 2.51492e-15 2.50883e-15 2.50856e-15 2.50855e-15 2.50855e-15 2.50855e-15 2.50855e-15 2.50855e-15 2.50855e-15 2.50855e-15 2.50855e-15 2.50855e-15 2.50855e-15 2.50855e-15 2.50855e-15 2.50855e-15 2.50855e-15 2.50855e-15 2.50855e-15 2.50855e-15 2.50855e-15 2.50855e-15 2.50855e-15 2.50855e-15 2.50855e-15 2.50856e-15 2.50883e-15 2.51492e-15 2.64527e-15 5.25294e-15 5.38134e-14 8.92589e-13 1.42756e-11 2.10591e-10 2.84375e-09 3.49323e-08 3.87546e-07 3.85021e-06 3.39054e-05 0.000261377 0.00173696 0.0097594 0.0452319 0.16754 0.476827 1 
0 1.63042e-322 4.64153e-310 0 0 4.00193e-322 1.29427e+161 1.07387e+200 7.62843e+228 1.67495e+243 1.36456e+161 2.61377e+180 8.78422e+247 2.35543e-312 8.19655e-321 1.63042e-322 4.64155e-310 0 6.81317e-321 1.63042e-322 1.2954e+74 2.00579e-52 6.3249e-310 6.24993e-321 6.93506e-310 4.64225e-310 6.93506e-310 4.64225e-310 4.64225e-310 4.64225e-310 0 4.64225e-310 0 6.93506e-310 6.93506e-310 6.93506e-310 0 6.93506e-310 6.93506e-310 6.93506e-310 6.93506e-310 6.93506e-310 6.93506e-310 6.93506e-310 6.93506e-310 6.93506e-310 6.93506e-310 0 0 0 0 0 6.93506e-310 0 0 6.93506e-310 0 6.93506e-310 6.93506e-310 6.93506e-310 6.93506e-310 0 0 0 
0 0 0 6.93506e-310 6.93506e-310 0 0 0 0 6.93506e-310 0 0 0 0 0 0 0 0 6.93506e-310 0 0 0 0 0 0 0 0 0 0 0 0 0 0 0 0 0 0 0 0 0 0 0 0 0 6.93506e-310 6.93506e-310 6.93506e-310 9.38999e-318 4.64225e-310 1.4822e-323 4.64225e-310 0 0 4.64225e-310 7.85138e-313 1.6976e-313 6.93506e-310 6.93506e-310 6.93506e-310 4.45633e-307 6.36599e-314 0 0 0 
0 6.93506e-310 4.64225e-310 6.93506e-310 6.93506e-310 6.93506e-310 6.93506e-310 4.64225e-310 0 0 1.97626e-323 4.64225e-310 4.64225e-310 0 1.02766e-320 1.77599e-318 0 0 4.64225e-310 0 2.122e-314 0 -nan 0 0 0 6.93506e-310 0 6.93506e-310 6.93506e-310 0 0 0 0 0 0 0 0 5.63512e-319 3.12249e-321 4.89125e-322 0 4.64225e-310 0 4.94066e-324 1.17119e+166 6.20153e-91 6.70248e+223 3.6554e+233 3.87323e+233 8.60465e+217 4.65207e+151 6.0543e-310 6.32898e-321 6.93506e-310 4.64225e-310 6.93506e-310 4.64225e-310 4.64225e-310 4.64225e-310 0 4.64225e-310 0 6.93506e-310 
6.93506e-310 6.93506e-310 0 6.93506e-310 6.93506e-310 6.93506e-310 6.93506e-310 6.93506e-310 6.93506e-310 6.93506e-310 6.93506e-310 6.93506e-310 6.93506e-310 0 0 0 0 0 6.93506e-310 0 0 6.93506e-310 0 6.93506e-310 6.93506e-310 6.93506e-310 6.93506e-310 6.93506e-310 0 0 0 0 0 6.93506e-310 6.93506e-310 0 0 0 0 6.93506e-310 0 0 0 0 0 0 0 0 6.93506e-310 0 0 0 0 0 0 0 0 0 0 0 0 0 0 0 
0 0 0 0 0 0 0 0 0 0 6.93506e-310 6.93506e-310 6.93506e-310 1.03614e-317 4.64225e-310 5.92879e-323 4.64225e-310 0 0 4.64225e-310 2.77981e-312 2.122e-313 6.93506e-310 6.93506e-310 6.93506e-310 4.45633e-307 6.36599e-314 0 0 0 0 6.93506e-310 4.64225e-310 6.93506e-310 6.93506e-310 6.93506e-310 6.93506e-310 4.64225e-310 0 0 1.97626e-323 4.64225e-310 4.64225e-310 0 1.02766e-320 1.776e-318 0 0 4.64225e-310 0 2.122e-314 0 -nan 0 0 0 6.93506e-310 0 6.93506e-310 6.93506e-310 0 0 0 0 
0 0 0 0 7.0098e-319 7.31217e-321 4.94066e-322 0 4.64225e-310 0 4.94066e-324 1.17119e+166 6.20153e-91 6.70248e+223 3.6554e+233 3.87323e+233 8.60465e+217 4.65207e+151 6.63975e+246 5.48413e-322 0 4.98512e-321 0 0 0 0 0 0 0 0 0 0 0 0 0 0 0 0 0 0 0 0 0 0 0 0 0 0 0 0 0 0 0 0 0 0 0 0 0 0 0 0 0 0 
0 0 0 0 0 0 0 0 0 0 0 0 0 0 0 0 0 0 0 0 0 0 0 0 0 0 0 0 0 0 0 0 0 0 0 0 0 0 0 0 0 0 0 0 0 0 0 0 0 0 0 0 0 0 0 0 0 0 0 0 0 0 0 0 
1 0.476767 0.167489 0.0452081 0.00975196 0.00173521 0.000261047 3.38538e-05 3.84335e-06 3.86753e-07 3.48515e-08 2.83642e-09 2.0999e-10 1.42288e-11 8.8708e-13 5.11183e-14 2.73368e-15 1.36149e-16 6.33478e-18 2.76131e-19 1.13045e-20 4.35639e-22 1.58489e-23 5.5902e-25 3.28758e-26 1.57413e-26 1.52124e-26 1.51969e-26 1.51965e-26 1.51965e-26 1.51965e-26 1.51965e-26 1.51965e-26 1.51965e-26 1.51965e-26 1.51965e-26 1.51969e-26 1.52124e-26 1.57413e-26 3.28758e-26 5.5902e-25 1.58489e-23 4.35639e-22 1.13045e-20 2.76131e-19 6.33478e-18 1.36149e-16 2.73368e-15 5.11183e-14 8.8708e-13 1.42288e-11 2.0999e-10 2.83642e-09 3.48515e-08 3.86753e-07 3.84335e-06 3.38538e-05 0.000261047 0.00173521 0.00975196 0.0452081 0.167489 0.476767 1 
0 1.63042e-322 4.65914e-310 0 0 4.00193e-322 1.29427e+161 1.07387e+200 7.62843e+228 1.67495e+243 1.36456e+161 2.61377e+180 8.78422e+247 2.35543e-312 8.19655e-321 1.63042e-322 4.65922e-310 0 6.81317e-321 1.63042e-322 1.2954e+74 1.31451e-47 6.3249e-310 6.24993e-321 6.91223e-310 4.65854e-310 6.91223e-310 4.65854e-310 4.65854e-310 4.65854e-310 0 4.65854e-310 0 6.91223e-310 6.91223e-310 6.91223e-310 0 6.91223e-310 6.91223e-310 6.91223e-310 6.91223e-310 6.91223e-310 6.91223e-310 6.91223e-310 6.91223e-310 6.91223e-310 6.91223e-310 0 0 0 0 0 6.91223e-310 0 0 6.91223e-310 0 6.91223e-310 6.91223e-310 6.91223e-310 6.91223e-310 0 0 0 
0 0 0 6.91223e-310 6.91223e-310 0 0 0 0 6.91223e-310 0 0 0 0 0 0 0 0 6.91223e-310 0 0 0 0 0 0 0 0 0 0 0 0 0 0 0 0 0 0 0 0 0 0 0 0 0 6.91223e-310 6.91223e-310 6.91223e-310 9.38999e-318 4.65854e-310 1.4822e-323 4.65854e-310 0 0 4.65854e-310 7.85138e-313 1.6976e-313 6.91223e-310 6.91223e-310 6.91223e-310 4.45633e-307 6.36599e-314 0 0 0 
0 6.91223e-310 4.65854e-310 6.91223e-310 6.91223e-310 6.91223e-310 6.91224e-310 4.65854e-310 0 0 1.97626e-323 4.65854e-310 4.65854e-310 0 1.02766e-320 1.77599e-318 0 0 4.65854e-310 0 2.122e-314 0 -nan 0 0 0 6.91223e-310 0 6.91224e-310 6.91224e-310 0 0 0 0 0 0 0 0 5.63512e-319 3.12249e-321 4.89125e-322 0 4.65854e-310 0 4.94066e-324 1.17119e+166 6.20153e-91 6.70248e+223 3.6554e+233 3.87323e+233 8.60465e+217 4.65207e+151 6.0543e-310 6.32898e-321 6.91223e-310 4.65854e-310 6.91223e-310 4.65854e-310 4.65854e-310 4.65854e-310 0 4.65854e-310 0 6.91223e-310 
6.91223e-310 6.91223e-310 0 6.91223e-310 6.91223e-310 6.91223e-310 6.91223e-310 6.91223e-310 6.91223e-310 6.91223e-310 6.91223e-310 6.91223e-310 6.91223e-310 0 0 0 0 0 6.91223e-310 0 0 6.91223e-310 0 6.91223e-310 6.91223e-310 6.91223e-310 6.91223e-310 6.91223e-310 0 0 0 0 0 6.91223e-310 6.91223e-310 0 0 0 0 6.91223e-310 0 0 0 0 0 0 0 0 6.91223e-310 0 0 0 0 0 0 0 0 0 0 0 0 0 0 0 
0 0 0 0 0 0 0 0 0 0 6.91223e-310 6.91223e-310 6.91223e-310 1.03614e-317 4.65854e-310 5.92879e-323 4.65854e-310 0 0 4.65854e-310 2.77981e-312 2.122e-313 6.91223e-310 6.91223e-310 6.91223e-310 4.45633e-307 6.36599e-314 0 0 0 0 6.91223e-310 4.65854e-310 6.91223e-310 6.91223e-310 6.91223e-310 6.91224e-310 4.65854e-310 0 0 1.97626e-323 4.65854e-310 4.65854e-310 0 1.02766e-320 1.776e-318 0 0 4.65854e-310 0 2.122e-314 0 -nan 0 0 0 6.91223e-310 0 6.91224e-310 6.91224e-310 0 0 0 0 
0 0 0 0 7.0098e-319 7.31217e-321 4.94066e-322 0 4.65854e-310 0 4.94066e-324 1.17119e+166 6.20153e-91 6.70248e+223 3.6554e+233 3.87323e+233 8.60465e+217 4.65207e+151 6.63975e+246 5.48413e-322 0 4.98512e-321 0 0 0 0 0 0 0 0 0 0 0 0 0 0 0 0 0 0 0 0 0 0 0 0 0 0 0 0 0 0 0 0 0 0 0 0 0 0 0 0 0 0 
0 0 0 0 0 0 0 0 0 0 0 0 0 0 0 0 0 0 0 0 0 0 0 0 0 0 0 0 0 0 0 0 0 0 0 0 0 0 0 0 0 0 0 0 0 0 0 0 0 0 0 0 0 0 0 0 0 0 0 0 0 0 0 0 
1 0.476898 0.167601 0.0452595 0.00976792 0.00173894 0.000261745 3.3962e-05 3.85762e-06 3.88389e-07 3.50166e-08 2.85127e-09 2.11192e-10 1.4317e-11 8.93e-13 5.1483e-14 2.75441e-15 1.37241e-16 6.3883e-18 2.78579e-19 1.14093e-20 4.39834e-22 1.59927e-23 5.49489e-25 1.78698e-26 5.50891e-28 1.61212e-29 4.48399e-31 1.18679e-32 2.99306e-34 7.28847e-36 2.64136e-37 2.64136e-37 7.28847e-36 2.99306e-34 1.18679e-32 4.48399e-31 1.61212e-29 5.50891e-28 1.78698e-26 5.49489e-25 1.59927e-23 4.39834e-22 1.14093e-20 2.78579e-19 6.3883e-18 1.37241e-16 2.75441e-15 5.1483e-14 8.93e-13 1.4317e-11 2.11192e-10 2.85127e-09 3.50166e-08 3.88389e-07 3.85762e-06 3.3962e-05 0.000261745 0.00173894 0.00976792 0.0452595 0.167601 0.476898 1 
0 1.63042e-322 4.6462e-310 0 0 4.00193e-322 1.29427e+161 1.07387e+200 7.62843e+228 1.67495e+243 1.36456e+161 2.61377e+180 8.78422e+247 2.35543e-312 8.19655e-321 1.63042e-322 4.64616e-310 0 6.81317e-321 1.63042e-322 1.2954e+74 5.64579e-38 6.3249e-310 6.24993e-321 6.94774e-310 4.64513e-310 6.94774e-310 4.64513e-310 4.64513e-310 4.64513e-310 0 4.64513e-310 0 6.94774e-310 6.94774e-310 6.94774e-310 0 6.94774e-310 6.94774e-310 6.94774e-310 6.94774e-310 6.94774e-310 6.94774e-310 6.94774e-310 6.94774e-310 6.94774e-310 6.94774e-310 0 0 0 0 0 6.94774e-310 0 0 6.94774e-310 0 6.94774e-310 6.94774e-310 6.94774e-310 6.94774e-310 0 0 0 
0 0 0 6.94774e-310 6.94774e-310 0 0 0 0 6.94774e-310 0 0 0 0 0 0 0 0 6.94774e-310 0 0 0 0 0 0 0 0 0 0 0 0 0 0 0 0 0 0 0 0 0 0 0 0 0 6.94774e-310 6.94774e-310 6.94774e-310 9.38999e-318 4.64513e-310 1.4822e-323 4.64513e-310 0 0 4.64513e-310 7.85138e-313 1.6976e-313 6.94774e-310 6.94774e-310 6.94774e-310 4.45633e-307 6.36599e-314 0 0 0 
0 6.94774e-310 4.64513e-310 6.94774e-310 6.94774e-310 6.94774e-310 6.94775e-310 4.64513e-310 0 0 1.97626e-323 4.64513e-310 4.64513e-310 0 1.02766e-320 1.77599e-318 0 0 4.64513e-310 0 2.122e-314 0 -nan 0 0 0 6.94774e-310 0 6.94775e-310 6.94775e-310 0 0 0 0 0 0 0 0 5.63512e-319 3.12249e-321 4.89125e-322 0 4.64513e-310 0 4.94066e-324 1.17119e+166 6.20153e-91 6.70248e+223 3.6554e+233 3.87323e+233 8.60465e+217 4.65207e+151 6.0543e-310 6.32898e-321 6.94774e-310 4.64513e-310 6.94774e-310 4.64513e-310 4.64513e-310 4.64513e-310 0 4.64513e-310 0 6.94774e-310 
6.94774e-310 6.94774e-310 0 6.94774e-310 6.94774e-310 6.94774e-310 6.94774e-310 6.94774e-310 6.94774e-310 6.94774e-310 6.94774e-310 6.94774e-310 6.94774e-310 0 0 0 0 0 6.94774e-310 0 0 6.94774e-310 0 6.94774e-310 6.94774e-310 6.94774e-310 6.94774e-310 6.94774e-310 0 0 0 0 0 6.94774e-310 6.94774e-310 0 0 0 0 6.94774e-310 0 0 0 0 0 0 0 0 6.94774e-310 0 0 0 0 0 0 0 0 0 0 0 0 0 0 0 
0 0 0 0 0 0 0 0 0 0 6.94774e-310 6.94774e-310 6.94774e-310 1.03614e-317 4.64513e-310 5.92879e-323 4.64513e-310 0 0 4.64513e-310 2.77981e-312 2.122e-313 6.94774e-310 6.94774e-310 6.94774e-310 4.45633e-307 6.36599e-314 0 0 0 0 6.94774e-310 4.64513e-310 6.94774e-310 6.94774e-310 6.94774e-310 6.94775e-310 4.64513e-310 0 0 1.97626e-323 4.64513e-310 4.64513e-310 0 1.02766e-320 1.776e-318 0 0 4.64513e-310 0 2.122e-314 0 -nan 0 0 0 6.94774e-310 0 6.94775e-310 6.94775e-310 0 0 0 0 
0 0 0 0 7.0098e-319 7.31217e-321 4.94066e-322 0 4.64513e-310 0 4.94066e-324 1.17119e+166 6.20153e-91 6.70248e+223 3.6554e+233 3.87323e+233 8.60465e+217 4.65207e+151 6.63975e+246 5.48413e-322 0 4.98512e-321 0 0 0 0 0 0 0 0 0 0 0 0 0 0 0 0 0 0 0 0 0 0 0 0 0 0 0 0 0 0 0 0 0 0 0 0 0 0 0 0 0 0 
0 0 0 0 0 0 0 0 0 0 0 0 0 0 0 0 0 0 0 0 0 0 0 0 0 0 0 0 0 0 0 0 0 0 0 0 0 0 0 0 0 0 0 0 0 0 0 0 0 0 0 0 0 0 0 0 0 0 0 0 0 0 0 0 
1 0.476499 0.167257 0.0451023 0.00971908 0.0017275 0.000259603 3.36295e-05 3.81368e-06 3.83348e-07 3.45071e-08 2.80537e-09 2.07471e-10 1.40433e-11 8.74609e-13 5.03482e-14 2.6898e-15 1.3383e-16 6.22086e-18 2.70906e-19 1.10806e-20 4.27045e-22 1.59492e-23 9.89594e-25 4.75271e-25 4.58536e-25 4.5802e-25 4.58005e-25 4.58004e-25 4.58004e-25 4.58004e-25 4.58004e-25 4.58004e-25 4.58004e-25 4.58004e-25 4.58004e-25 4.58005e-25 4.5802e-25 4.58536e-25 4.75271e-25 9.89594e-25 1.59492e-23 4.27045e-22 1.10806e-20 2.70906e-19 6.22086e-18 1.3383e-16 2.6898e-15 5.03482e-14 8.74609e-13 1.40433e-11 2.07471e-10 2.80537e-09 3.45071e-08 3.83348e-07 3.81368e-06 3.36295e-05 0.000259603 0.0017275 0.00971908 0.0451023 0.167257 0.476499 1 
0 1.63042e-322 4.66891e-310 0 0 4.00193e-322 1.29427e+161 1.07387e+200 7.62843e+228 1.67495e+243 1.36456e+161 2.61377e+180 8.78422e+247 2.35543e-312 8.19655e-321 1.63042e-322 4.66896e-310 0 6.81317e-321 1.63042e-322 1.2954e+74 1.74551e-76 6.3249e-310 6.24993e-321 6.93149e-310 4.67008e-310 6.93149e-310 4.67008e-310 4.67008e-310 4.67008e-310 0 4.67008e-310 0 6.93149e-310 6.93149e-310 6.93149e-310 0 6.93149e-310 6.93149e-310 6.93149e-310 6.93149e-310 6.93149e-310 6.93149e-310 6.93149e-310 6.93149e-310 6.93149e-310 6.93149e-310 0 0 0 0 0 6.93149e-310 0 0 6.93149e-310 0 6.93149e-310 6.93149e-310 6.93149e-310 6.93149e-310 0 0 0 
0 0 0 6.93149e-310 6.93149e-310 0 0 0 0 6.93149e-310 0 0 0 0 0 0 0 0 6.93149e-310 0 0 0 0 0 0 0 0 0 0 0 0 0 0 0 0 0 0 0 0 0 0 0 0 0 6.93149e-310 6.93149e-310 6.93149e-310 9.38999e-318 4.67008e-310 1.4822e-323 4.67008e-310 0 0 4.67008e-310 7.85138e-313 1.6976e-313 6.93149e-310 6.93149e-310 6.93149e-310 4.45633e-307 6.36599e-314 0 0 0 
0 6.93149e-310 4.67008e-310 6.93149e-310 6.93149e-310 6.93149e-310 6.9315e-310 4.67008e-310 0 0 1.97626e-323 4.67008e-310 4.67008e-310 0 1.02766e-320 1.77599e-318 0 0 4.67008e-310 0 2.122e-314 0 -nan 0 0 0 6.93149e-310 0 6.9315e-310 6.9315e-310 0 0 0 0 0 0 0 0 5.63512e-319 3.12249e-321 4.89125e-322 0 4.67008e-310 0 4.94066e-324 1.17119e+166 6.20153e-91 6.70248e+223 3.6554e+233 3.87323e+233 8.60465e+217 4.65207e+151 6.0543e-310 6.32898e-321 6.93149e-310 4.67008e-310 6.93149e-310 4.67008e-310 4.67008e-310 4.67008e-310 0 4.67008e-310 0 6.93149e-310 
6.93149e-310 6.93149e-310 0 6.93149e-310 6.93149e-310 6.93149e-310 6.93149e-310 6.93149e-310 6.93149e-310 6.93149e-310 6.93149e-310 6.93149e-310 6.93149e-310 0 0 0 0 0 6.93149e-310 0 0 6.93149e-310 0 6.93149e-310 6.93149e-310 6.93149e-310 6.93149e-310 6.93149e-310 0 0 0 0 0 6.93149e-310 6.93149e-310 0 0 0 0 6.93149e-310 0 0 0 0 0 0 0 0 6.93149e-310 0 0 0 0 0 0 0 0 0 0 0 0 0 0 0 
0 0 0 0 0 0 0 0 0 0 6.93149e-310 6.93149e-310 6.93149e-310 1.03614e-317 4.67008e-310 5.92879e-323 4.67008e-310 0 0 4.67008e-310 2.77981e-312 2.122e-313 6.93149e-310 6.93149e-310 6.93149e-310 4.45633e-307 6.36599e-314 0 0 0 0 6.93149e-310 4.67008e-310 6.93149e-310 6.93149e-310 6.93149e-310 6.9315e-310 4.67008e-310 0 0 1.97626e-323 4.67008e-310 4.67008e-310 0 1.02766e-320 1.776e-318 0 0 4.67008e-310 0 2.122e-314 0 -nan 0 0 0 6.93149e-310 0 6.9315e-310 6.9315e-310 0 0 0 0 
0 0 0 0 7.0098e-319 7.31217e-321 4.94066e-322 0 4.67008e-310 0 4.94066e-324 1.17119e+166 6.20153e-91 6.70248e+223 3.6554e+233 3.87323e+233 8.60465e+217 4.65207e+151 6.63975e+246 5.48413e-322 0 4.98512e-321 0 0 0 0 0 0 0 0 0 0 0 0 0 0 0 0 0 0 0 0 0 0 0 0 0 0 0 0 0 0 0 0 0 0 0 0 0 0 0 0 0 0 
0 0 0 0 0 0 0 0 0 0 0 0 0 0 0 0 0 0 0 0 0 0 0 0 0 0 0 0 0 0 0 0 0 0 0 0 0 0 0 0 0 0 0 0 0 0 0 0 0 0 0 0 0 0 0 0 0 0 0 0 0 0 0 0 
1 0.476218 0.167015 0.0449909 0.0096843 0.00171931 0.000258063 3.33892e-05 3.78177e-06 3.79669e-07 3.41334e-08 2.77158e-09 2.0476e-10 1.3886e-11 9.0745e-13 9.61021e-14 4.92484e-14 4.67387e-14 4.66135e-14 4.66077e-14 4.66075e-14 4.66075e-14 4.66075e-14 4.66075e-14 4.66075e-14 4.66075e-14 4.66075e-14 4.66075e-14 4.66075e-14 4.66075e-14 4.66075e-14 4.66075e-14 4.66075e-14 4.66075e-14 4.66075e-14 4.66075e-14 4.66075e-14 4.66075e-14 4.66075e-14 4.66075e-14 4.66075e-14 4.66075e-14 4.66075e-14 4.66075e-14 4.66077e-14 4.66135e-14 4.67387e-14 4.92484e-14 9.61021e-14 9.0745e-13 1.3886e-11 2.0476e-10 2.77158e-09 3.41334e-08 3.79669e-07 3.78177e-06 3.33892e-05 0.000258063 0.00171931 0.0096843 0.0449909 0.167015 0.476218 1 
0 1.63042e-322 4.65978e-310 0 0 4.00193e-322 1.29427e+161 1.07387e+200 7.62843e+228 1.67495e+243 1.36456e+161 2.61377e+180 8.78422e+247 2.35543e-312 8.19655e-321 1.63042e-322 4.65983e-310 0 6.81317e-321 1.63042e-322 1.2954e+74 7.49692e-67 6.3249e-310 6.24993e-321 6.90864e-310 4.65883e-310 6.90864e-310 4.65883e-310 4.65883e-310 4.65883e-310 0 4.65883e-310 0 6.90864e-310 6.90864e-310 6.90864e-310 0 6.90864e-310 6.90864e-310 6.90864e-310 6.90864e-310 6.90864e-310 6.90864e-310 6.90864e-310 6.90864e-310 6.90864e-310 6.90864e-310 0 0 0 0 0 6.90864e-310 0 0 6.90864e-310 0 6.90864e-310 6.90864e-310 6.90864e-310 6.90864e-310 0 0 0 
0 0 0 6.90864e-310 6.90864e-310 0 0 0 0 6.90864e-310 0 0 0 0 0 0 0 0 6.90864e-310 0 0 0 0 0 0 0 0 0 0 0 0 0 0 0 0 0 0 0 0 0 0 0 0 0 6.90864e-310 6.90864e-310 6.90864e-310 9.38999e-318 4.65883e-310 1.4822e-323 4.65883e-310 0 0 4.65883e-310 7.85138e-313 1.6976e-313 6.90864e-310 6.90864e-310 6.90864e-310 4.45633e-307 6.36599e-314 0 0 0 
0 6.90864e-310 4.65883e-310 6.90864e-310 6.90864e-310 6.90864e-310 6.90865e-310 4.65883e-310 0 0 1.97626e-323 4.65883e-310 4.65883e-310 0 1.02766e-320 1.77599e-318 0 0 4.65883e-310 0 2.122e-314 0 -nan 0 0 0 6.90864e-310 0 6.90865e-310 6.90865e-310 0 0 0 0 0 0 0 0 5.63512e-319 3.12249e-321 4.89125e-322 0 4.65883e-310 0 4.94066e-324 1.17119e+166 6.20153e-91 6.70248e+223 3.6554e+233 3.87323e+233 8.60465e+217 4.65207e+151 6.0543e-310 6.32898e-321 6.90864e-310 4.65883e-310 6.90864e-310 4.65883e-310 4.65883e-310 4.65883e-310 0 4.65883e-310 0 6.90864e-310 
6.90864e-310 6.90864e-310 0 6.90864e-310 6.90864e-310 6.90864e-310 6.90864e-310 6.90864e-310 6.90864e-310 6.90864e-310 6.90864e-310 6.90864e-310 6.90864e-310 0 0 0 0 0 6.90864e-310 0 0 6.90864e-310 0 6.90864e-310 6.90864e-310 6.90864e-310 6.90864e-310 6.90864e-310 0 0 0 0 0 6.90864e-310 6.90864e-310 0 0 0 0 6.90864e-310 0 0 0 0 0 0 0 0 6.90864e-310 0 0 0 0 0 0 0 0 0 0 0 0 0 0 0 
0 0 0 0 0 0 0 0 0 0 6.90864e-310 6.90864e-310 6.90864e-310 1.03614e-317 4.65883e-310 5.92879e-323 4.65883e-310 0 0 4.65883e-310 2.77981e-312 2.122e-313 6.90864e-310 6.90864e-310 6.90864e-310 4.45633e-307 6.36599e-314 0 0 0 0 6.90864e-310 4.65883e-310 6.90864e-310 6.90864e-310 6.90864e-310 6.90865e-310 4.65883e-310 0 0 1.97626e-323 4.65883e-310 4.65883e-310 0 1.02766e-320 1.776e-318 0 0 4.65883e-310 0 2.122e-314 0 -nan 0 0 0 6.90864e-310 0 6.90865e-310 6.90865e-310 0 0 0 0 
0 0 0 0 7.0098e-319 7.31217e-321 4.94066e-322 0 4.65883e-310 0 4.94066e-324 1.17119e+166 6.20153e-91 6.70248e+223 3.6554e+233 3.87323e+233 8.60465e+217 4.65207e+151 6.63975e+246 5.48413e-322 0 4.98512e-321 0 0 0 0 0 0 0 0 0 0 0 0 0 0 0 0 0 0 0 0 0 0 0 0 0 0 0 0 0 0 0 0 0 0 0 0 0 0 0 0 0 0 
0 0 0 0 0 0 0 0 0 0 0 0 0 0 0 0 0 0 0 0 0 0 0 0 0 0 0 0 0 0 0 0 0 0 0 0 0 0 0 0 0 0 0 0 0 0 0 0 0 0 0 0 0 0 0 0 0 0 0 0 0 0 0 0 
1 0.476308 0.167101 0.0450454 0.00971971 0.00174821 0.000285374 6.03972e-05 3.07425e-05 2.73342e-05 2.69879e-05 2.69565e-05 2.69539e-05 2.69537e-05 2.69537e-05 2.69537e-05 2.69537e-05 2.69537e-05 2.69537e-05 2.69537e-05 2.69537e-05 2.69537e-05 2.69537e-05 2.69537e-05 2.69537e-05 2.69537e-05 2.69537e-05 2.69537e-05 2.69537e-05 2.69537e-05 2.69537e-05 2.69537e-05 2.69537e-05 2.69537e-05 2.69537e-05 2.69537e-05 2.69537e-05 2.69537e-05 2.69537e-05 2.69537e-05 2.69537e-05 2.69537e-05 2.69537e-05 2.69537e-05 2.69537e-05 2.69537e-05 2.69537e-05 2.69537e-05 2.69537e-05 2.69537e-05 2.69537e-05 2.69539e-05 2.69565e-05 2.69879e-05 2.73342e-05 3.07425e-05 6.03972e-05 0.000285374 0.00174821 0.00971971 0.0450454 0.167101 0.476308 1 
0 1.63042e-322 4.64705e-310 0 0 4.00193e-322 1.29427e+161 1.07387e+200 7.62843e+228 1.67495e+243 1.36456e+161 2.61377e+180 8.78422e+247 2.35543e-312 8.19655e-321 1.63042e-322 4.64697e-310 0 6.81317e-321 1.63042e-322 1.2954e+74 2.11019e-52 6.3249e-310 6.24993e-321 6.92567e-310 4.64766e-310 6.92567e-310 4.64766e-310 4.64766e-310 4.64766e-310 0 4.64766e-310 0 6.92567e-310 6.92567e-310 6.92567e-310 0 6.92567e-310 6.92567e-310 6.92567e-310 6.92567e-310 6.92567e-310 6.92567e-310 6.92567e-310 6.92567e-310 6.92567e-310 6.92567e-310 0 0 0 0 0 6.92567e-310 0 0 6.92567e-310 0 6.92567e-310 6.92567e-310 6.92567e-310 6.92567e-310 0 0 0 
0 0 0 6.92567e-310 6.92567e-310 0 0 0 0 6.92567e-310 0 0 0 0 0 0 0 0 6.92567e-310 0 0 0 0 0 0 0 0 0 0 0 0 0 0 0 0 0 0 0 0 0 0 0 0 0 6.92567e-310 6.92567e-310 6.92567e-310 9.38999e-318 4.64766e-310 1.4822e-323 4.64766e-310 0 0 4.64766e-310 7.85138e-313 1.6976e-313 6.92567e-310 6.92567e-310 6.92567e-310 4.45633e-307 6.36599e-314 0 0 0 
0 6.92567e-310 4.64766e-310 6.92567e-310 6.92567e-310 6.92567e-310 6.92567e-310 4.64766e-310 0 0 1.97626e-323 4.64766e-310 4.64766e-310 0 1.02766e-320 1.77599e-318 0 0 4.64766e-310 0 2.122e-314 0 -nan 0 0 0 6.92567e-310 0 6.92567e-310 6.92567e-310 0 0 0 0 0 0 0 0 5.63512e-319 3.12249e-321 4.89125e-322 0 4.64766e-310 0 4.94066e-324 1.17119e+166 6.20153e-91 6.70248e+223 3.6554e+233 3.87323e+233 8.60465e+217 4.65207e+151 6.0543e-310 6.32898e-321 6.92567e-310 4.64766e-310 6.92567e-310 4.64766e-310 4.64766e-310 4.64766e-310 0 4.64766e-310 0 6.92567e-310 
6.92567e-310 6.92567e-310 0 6.92567e-310 6.92567e-310 6.92567e-310 6.92567e-310 6.92567e-310 6.92567e-310 6.92567e-310 6.92567e-310 6.92567e-310 6.92567e-310 0 0 0 0 0 6.92567e-310 0 0 6.92567e-310 0 6.92567e-310 6.92567e-310 6.92567e-310 6.92567e-310 6.92567e-310 0 0 0 0 0 6.92567e-310 6.92567e-310 0 0 0 0 6.92567e-310 0 0 0 0 0 0 0 0 6.92567e-310 0 0 0 0 0 0 0 0 0 0 0 0 0 0 0 
0 0 0 0 0 0 0 0 0 0 6.92567e-310 6.92567e-310 6.92567e-310 1.03614e-317 4.64766e-310 5.92879e-323 4.64766e-310 0 0 4.64766e-310 2.77981e-312 2.122e-313 6.92567e-310 6.92567e-310 6.92567e-310 4.45633e-307 6.36599e-314 0 0 0 0 6.92567e-310 4.64766e-310 6.92567e-310 6.92567e-310 6.92567e-310 6.92567e-310 4.64766e-310 0 0 1.97626e-323 4.64766e-310 4.64766e-310 0 1.02766e-320 1.776e-318 0 0 4.64766e-310 0 2.122e-314 0 -nan 0 0 0 6.92567e-310 0 6.92567e-310 6.92567e-310 0 0 0 0 
0 0 0 0 7.0098e-319 7.31217e-321 4.94066e-322 0 4.64766e-310 0 4.94066e-324 1.17119e+166 6.20153e-91 6.70248e+223 3.6554e+233 3.87323e+233 8.60465e+217 4.65207e+151 6.63975e+246 5.48413e-322 0 4.98512e-321 0 0 0 0 0 0 0 0 0 0 0 0 0 0 0 0 0 0 0 0 0 0 0 0 0 0 0 0 0 0 0 0 0 0 0 0 0 0 0 0 0 0 
0 0 0 0 0 0 0 0 0 0 0 0 0 0 0 0 0 0 0 0 0 0 0 0 0 0 0 0 0 0 0 0 0 0 0 0 0 0 0 0 0 0 0 0 0 0 0 0 0 0 0 0 0 0 0 0 0 0 0 0 0 0 0 0 
